cafe babe 0000 0034
0021
07 0002
01 0014  50 72 6f 67 72 61 6d 46 72 6f 6d 47 65 6e 65 72 61 74 6f 72 
07 0004
01 0010  6a 61 76 61 2f 6c 61 6e 67 2f 4f 62 6a 65 63 74 
01 0004  43 6f 64 65 
01 0010  6a 61 76 61 2f 6c 61 6e 67 2f 53 79 73 74 65 6d 
07 0006
01 0003  6f 75 74 
01 0015  4c 6a 61 76 61 2f 69 6f 2f 50 72 69 6e 74 53 74 72 65 61 6d 3b 
0c 0008 0009
09 0007 000a
01 0013  6a 61 76 61 2f 69 6f 2f 50 72 69 6e 74 53 74 72 65 61 6d 
07 000c
01 0007  70 72 69 6e 74 6c 6e 
01 0004  28 49 29 56 
0c 000e 000f
0a 000d 0010
01 000d  53 74 61 63 6b 4d 61 70 54 61 62 6c 65 
01 0013  5b 4c 6a 61 76 61 2f 6c 61 6e 67 2f 53 74 72 69 6e 67 3b 
07 0013
01 0005  70 72 69 6e 74 
0c 0015 000f
0a 0001 0016
01 0002  61 63 
01 0004  28 49 29 49 
0c 0018 0019
0a 0001 001a
01 0002  66 69 
0c 001c 0019
0a 0001 001d
01 0004  6d 61 69 6e 
01 0016  28 5b 4c 6a 61 76 61 2f 6c 61 6e 67 2f 53 74 72 69 6e 67 3b 29 56 
0021 0001 0003
0000
0000
0004
0009
0015
000f
0001
0005
00000015
0002
0001
00000009
b2 000b
15 00
b6 0011
b1
0000
0000

0009
0018
0019
0001
0005
00000015
0002
0001
00000009
15 00
10 02
68
b8 001e
ac
0000
0000

0009
001c
0019
0001
0005
0000001a
0003
0001
0000000e
15 00
b8 0017
15 00
10 0a
60
10 02
60
ac
0000
0000

0009
001f
0020
0001
0005
00000019
0001
0002
0000000d
10 05
36 01
10 0a
b8 001b
b8 0017
b1
0000
0000

0000